36
0 8 
377 442 332 637
0 9
429 512 499 815
0 10
0 0 0 0
0 11
0 0 0 0
0 12
302 438 680 472
0 13
310 489 797 529
0 14
0 0 0 0
0 15
285 461 828 483
0 16
391 569 926 553
0 17
474 635 1107 581
0 18
525 640 1104 548
0 19
0 0 0 0
1 8
0 0 0 0
1 9
665 500 741 942
1 10
691 543 801 779
1 11
0 0 0 0
1 12
709 761 802 949
1 13
950 925 1059 1022
1 14
0 0 0 0 
1 15
732 841 1085 994
1 16
763 889 1246 965
1 17
1096 911 1442 1085
1 18
909 909 1126 1120
1 19
0 0 0 0
2 8
0 0 0 0
2 9
412 174 632 925
2 10
488 225 706 829
2 11
0 0 0 0
2 12
644 360 1039 738
2 13
705 437 1106 765
2 14
0 0 0 0
2 15
681 391 1106 833
2 16
720 353 1106 820
2 17
823 417 1307 818
2 18
727 456 1293 824
2 1
0 0 0 0